[[[2.09739172e+00 3.29194348e+00 1.89416468e+00 1.61076982e+00
   8.14256369e+00 3.48661710e+00 1.65795131e+00 2.61569892e+00
   3.00135885e+00 5.24892118e+00 1.89397054e+00 1.45655535e+00
   3.26179444e+00 1.99088543e+00 2.08437502e+00 2.97979813e+00
   4.48726213e+00 2.66098192e+00 3.81443241e+00 8.01887882e+00
   4.89013819e+00 2.46301717e+00 3.17875546e+00 3.05358096e+00
   1.32844262e+00 2.37565724e+00 2.95620807e+00 5.19615432e+00
   4.75333230e+00 3.00388985e+00 1.48083537e+00 4.60441129e+00
   2.18951046e+00 2.74026292e+00 2.09646587e+00 3.21886120e+00
   3.29449366e+00 5.88553371e+00 4.90916468e+00 4.11735229e+00
   7.64527561e-01 5.13875743e+00 5.28569575e+00 2.80579680e+00
   1.40785097e+00 2.57262879e+00 4.98241889e+00 3.53281217e+00
   3.06741960e+00 4.35821369e+00 3.85098875e+00 7.20257541e+00
   1.20439078e+00 2.33208552e+00 3.22311892e+00 5.30583149e+00
   1.13244576e+01 2.54675476e+01 5.06418893e+00 3.36172365e+00
   4.31010960e+00 1.77114395e+00 1.29691268e+00 1.87649296e+00
   2.40065702e+00 1.35729028e+00 1.33417707e+01 2.85375290e+00
   8.82121117e+00 1.51785550e+00 1.53716311e+01 4.50465350e+00
   7.44409085e+00 2.71509680e+00 4.11831986e+00 5.21600732e+00
   3.60576265e+00 1.84744685e+00 2.99751211e+00 1.14441431e+01
   6.05806474e+00 4.93648504e+00 2.33267154e+00 6.30214058e+00
   2.10302544e+00 2.44855658e+00 4.84314218e+00 3.64841023e+00
   7.53667280e+00 2.68207867e+00 1.92496138e+00 1.41819406e+00
   9.23776086e+00 2.55222572e+00 1.29207212e+00 2.09250618e+00
   5.57501050e+00 2.42357885e+00 2.68055082e+00 9.40956749e-01
   3.97066237e+00 2.79856387e+00 5.76507108e+00 4.54434821e+00
   7.73679854e+00 5.41858278e+00 2.54939293e+00 1.32817476e+00
   1.50965212e+00 1.11358060e+00 1.91535458e+00 3.93329442e+00
   6.13953017e+00 1.07706836e+01 2.26806378e+00 4.60383963e+00
   3.53658182e+00 2.58240102e+00 8.41946983e+00 2.04434255e+00
   7.71501289e+00 2.11135415e+00 3.77477823e+00 7.03558965e+00
   2.98463466e+00 1.51393334e+00 2.57243983e+00 6.97043389e+00
   2.36870562e+00 2.09770776e+00 4.75244326e+00 2.21253940e+00
   3.38021792e+00 4.50236059e+00 1.42910226e+00 3.08605838e+00
   3.98246653e+00 1.22470329e+00 2.14325968e+00 2.50892240e+00
   2.44293511e+00 5.11510908e+00 1.91234522e+00 2.47463150e+00
   6.48450029e+00 5.64138480e+00 2.67079129e+00 5.14449237e+00
   1.68425954e+00 5.63284028e+00]
  [3.18824516e+00 2.36539496e+00 4.50315169e+00 4.05396880e+00
   1.65648873e+01 1.79257229e+00 3.42167167e+00 4.62973998e+00
   3.68172702e+00 2.75726227e+00 2.22614859e+00 1.76036358e+00
   1.88856104e+00 1.53045674e+00 2.34257994e+00 2.17437932e+00
   5.34152647e+00 1.42198595e+00 1.40638875e+00 7.84851443e+00
   3.15915219e+00 2.98030038e+00 2.39867965e+00 8.02215762e+00
   3.07186029e+00 5.54036265e+00 3.02165751e+00 4.34455265e+00
   2.68412986e+00 4.00871400e+00 7.92077751e+00 1.68375163e+00
   2.96792683e+00 9.26211529e+00 3.33434067e+00 3.03597781e+00
   3.52263370e+00 5.39917412e+00 1.95957239e+00 3.27386509e+00
   6.30076971e+00 1.66519027e+00 2.23852352e+00 4.82591947e+00
   1.49659872e+00 2.27304177e+00 2.29857708e+00 2.60821726e+00
   2.59170957e+00 2.15002650e+00 1.74954582e+00 3.12724559e+00
   3.90378825e+00 4.22569764e+00 2.85105290e+00 4.16324454e+00
   2.01785698e+00 1.61079274e+00 3.00723839e+00 2.20193198e+00
   2.80503593e+00 1.66203239e+01 5.23430902e+00 2.67004648e+00
   2.44165821e+00 2.56351502e+00 4.16236192e+00 2.30322795e+00
   2.56210986e+00 3.01090001e+00 3.45887040e+00 2.46356176e+00
   1.41879154e+00 3.91965834e+00 1.52260011e+00 3.37769069e+00
   3.42039012e+00 5.62661407e+00 5.11738902e+00 3.26643424e+00
   1.28975709e+00 9.84587770e+00 4.21068578e+00 1.75556056e+00
   4.65898221e+00 1.85055035e+00 3.90827393e+00 3.90016475e+00
   2.51861560e+00 2.34239031e+00 2.40537738e+00 4.05154043e+00
   2.61017706e+01 3.58777868e+00 3.02394829e+00 3.40882940e+00
   3.45419331e+00 2.17123498e+01 3.55966633e+00 3.08595167e+00
   1.85036090e+00 4.16100116e+00 6.31450513e+00 1.87966505e+00
   3.14964360e+00 3.78638750e+00 1.60437274e+01 4.06089949e+00
   3.89305724e+00 4.39832808e+00 4.67143858e+00 3.38939830e+00
   3.04482144e+00 4.21313417e+00 5.09223270e+00 2.25743260e+00
   3.98358981e+00 4.12107422e+00 2.60327399e+00 2.19067752e+00
   2.37984405e+00 5.01429164e+00 4.73475876e+00 2.48948780e+00
   3.88217101e+00 2.96137463e+00 3.87893542e+00 3.27706055e+00
   6.29922464e+00 1.98525115e+00 2.60675274e+00 4.25848641e+00
   5.60650859e+00 3.44840483e+00 3.35777485e+00 2.38868396e+00
   3.26796529e+00 2.72995438e+00 1.98915849e+00 1.52061574e+00
   3.04524323e+00 2.71924053e+00 2.34082313e+00 2.68219986e+00
   1.37001764e+01 4.03306385e+00 1.79446110e+00 2.50118706e+00
   2.85867662e+00 4.97876987e+00]]

 [[1.16401479e+00 1.29868718e+00 9.68245671e-01 1.29791329e+00
   3.70916816e+00 2.22658957e+00 2.02144133e+00 2.44529365e+00
   2.89774088e+00 5.95415770e-01 2.48411576e+00 1.91269347e+00
   2.06940290e+00 9.52340838e-01 8.41710729e-01 5.26552117e+00
   1.00580115e+00 4.18894724e+00 3.14678268e+00 1.10918876e+00
   3.21190492e+00 1.52892172e+00 1.48170490e+00 2.13275943e+00
   1.05504249e+00 2.03665718e+00 1.60408200e+00 1.43406016e+00
   1.57857736e+00 2.10144257e+00 1.99824451e+00 2.69457505e+00
   2.82540995e+00 1.72516452e+00 1.64717347e+00 8.55247087e-01
   2.69929025e+00 1.59951555e+00 1.54729918e+00 1.41088008e+00
   3.47725377e+00 2.46762515e+00 1.56266688e+00 1.24848651e+00
   2.89683380e+00 2.37595863e+00 2.16210952e+00 3.47888639e+00
   1.73518615e+00 1.91958209e+00 9.93218443e-01 1.97194541e+00
   3.50917202e+00 1.81342799e+00 3.54527999e+00 2.46574897e+00
   2.12837359e+00 1.04981678e+00 1.40316421e+00 1.50151063e+00
   2.62793887e+00 1.61274261e+00 2.00542583e+00 1.84264270e+00
   1.99701581e+00 2.20294832e+00 3.47371934e+00 1.87854082e+00
   3.73651450e+00 1.00076885e+00 2.25024301e+00 1.51961825e+00
   2.78700425e+00 8.39738209e-01 8.99634673e-01 8.54654969e-01
   1.92508647e+00 1.24806454e+00 1.51341014e+00 1.37815236e+00
   1.63875152e+00 1.06571651e+00 8.72936922e-01 1.49874813e+00
   6.57282878e-01 1.04929865e+00 1.64933294e+00 5.31579248e+00
   1.50291230e+00 1.62959962e+00 1.51323304e+00 1.46001728e+00
   1.75430106e+00 9.65927003e-01 1.11963593e+00 1.28623222e+00
   2.10853104e+00 2.29002815e+00 1.55786326e+00 1.10553266e+00
   1.27076194e+00 8.11226509e-01 1.10494717e+00 1.33279652e+00
   7.44457370e-01 1.85187037e+00 1.79752183e+00 7.81759540e-01
   2.49394731e+00 2.17629575e+00 4.95963629e+00 2.16704451e+00
   1.95483900e+00 1.08117809e+00 9.59650294e-01 3.48565574e+00
   1.14922476e+00 2.17471232e+00 1.87953168e+00 1.47511462e+00
   2.99038250e+00 1.15747893e+00 2.45140080e+00 1.54341646e+00
   1.06985069e+00 3.56828945e+00 1.72715537e+00 4.96966597e-01
   1.47313484e+00 1.54402512e+00 1.47310276e+00 2.21534908e+00
   1.02367474e+00 1.95492475e+00 1.52386275e+00 9.48010901e-01
   7.21234716e-01 1.50994121e+00 3.08659687e+00 8.63889022e-01
   2.84339277e+00 1.01002920e+00 3.03860382e+00 1.71781796e+00
   1.30703460e+00 1.94662123e+00 1.16237682e+00 9.61926495e-01
   2.93826708e+00 1.78868720e+00]
  [1.36870388e+00 1.76348710e+00 1.63411334e+00 9.79853837e-01
   9.35479950e-01 1.02339089e+00 9.29462183e-01 1.00040160e+00
   1.32320056e+00 1.27068457e+00 1.13873923e+00 1.16605330e+00
   1.61233849e+00 1.87376057e+00 1.67002534e+00 1.49705939e+00
   1.40458888e+00 1.31550620e+00 8.35683381e-01 1.35968410e+00
   3.16658051e+00 1.10944603e+00 1.91558921e+00 2.44461090e+00
   1.65420584e+00 1.09632553e+00 2.23446485e+00 9.86153040e-01
   1.42845629e+00 1.54021867e+00 1.36592611e+00 1.00920827e+00
   2.01230684e+00 1.22405702e+00 1.01513388e+00 1.33163291e+00
   1.55156266e+00 1.52115688e+00 1.08664398e+00 1.20911133e+00
   1.33621527e+00 1.25461011e+00 2.02644297e+00 8.53883875e-01
   1.73413103e+00 1.19791381e+00 1.83969765e+00 1.57800571e+00
   2.77786142e+00 1.16164186e+00 1.63418319e+00 1.33420880e+00
   2.50810225e+00 1.24227977e+00 1.19374102e+00 1.11840503e+00
   1.30354225e+00 1.55779592e+00 1.13799027e+00 1.46127260e+00
   1.78666786e+00 1.94520269e+00 1.87006019e+00 1.97999394e+00
   8.54415836e-01 9.73476443e-01 1.63214982e+00 2.60432199e+00
   1.96250526e+00 1.23982169e+00 1.24643656e+00 1.15271151e+00
   2.46472079e+00 1.55670291e+00 1.64570383e+00 3.28108333e+00
   1.47009247e+00 1.59765798e+00 1.50688787e+00 1.40919736e+00
   7.55401944e-01 9.14670491e-01 1.42038528e+00 9.95385875e-01
   1.53610443e+00 1.11960253e+00 2.05520656e+00 1.00577970e+00
   8.58301333e-01 1.52523829e+00 2.14204233e+00 1.70591402e+00
   1.61072183e+00 1.02187905e+00 2.64062605e+00 9.04013512e-01
   2.95014656e+00 1.57252972e+00 9.71110747e-01 1.68836770e+00
   2.50733562e+00 8.85026674e-01 1.88785571e+00 1.17025938e+00
   1.06040426e+00 2.61100359e+00 2.47745617e+00 1.60185909e+00
   1.06654023e+00 8.78780460e-01 1.48279553e+00 1.41324403e+00
   8.88715403e-01 1.95333911e+00 1.10338772e+00 8.73661087e-01
   3.12244766e+00 1.32470972e+00 1.19074931e+00 1.43108871e+00
   1.47577520e+00 1.02168114e+00 1.28416053e+00 7.56302747e-01
   1.16693809e+00 1.11023575e+00 1.01137616e+00 1.35738432e+00
   1.60268473e+00 2.23844274e+00 2.11813434e+00 1.01135345e+00
   2.01111885e+00 1.52742368e+00 1.19428326e+00 2.25870348e+00
   2.14302325e+00 1.33694821e+00 2.50267637e+00 1.12723290e+00
   3.92627360e+00 1.21962722e+00 2.23043890e+00 2.80344832e+00
   1.62134658e+00 1.69748953e+00 1.66093903e+00 1.35544463e+00
   1.92708772e+00 2.05079860e+00]]

 [[4.91727949e-01 8.65835038e-01 1.50126415e+00 5.59765299e-01
   1.07352512e+00 1.54851320e+00 3.88704967e-01 8.80401147e-01
   1.47454010e+00 9.89327921e-01 1.43112080e+00 7.93438552e-01
   1.30292614e+00 1.20853398e+00 1.17611585e+00 9.41916387e-01
   5.59762638e-01 7.21230234e-01 6.72399053e-01 1.33099715e+00
   1.31340835e+00 3.44150567e-01 4.76405884e-01 1.50457740e+00
   1.66888391e+00 8.69756074e-01 5.74078117e-01 2.67782924e+00
   3.12290640e+00 6.91713300e-01 8.97900002e-01 6.32452977e-01
   1.18149498e+00 1.17314500e+00 5.22014767e-01 1.86519020e+00
   5.19965923e-01 1.07839193e+00 1.76621811e+00 1.26637832e+00
   9.26714782e-01 8.98835478e-01 5.94634226e-01 1.10348322e+00
   1.44470258e+00 1.60737340e+00 1.14268998e+00 6.73527189e-01
   5.12437450e-01 5.75962139e-01 6.89643633e-01 8.63007062e-01
   6.72931211e-01 1.39983877e+00 5.46426784e-01 1.87416464e+00
   1.10401673e+00 5.97984932e-01 5.65895959e-01 1.92649158e+00
   7.07997930e-01 6.33046559e-01 2.62664324e+00 7.27613636e-01
   1.27319101e+00 3.52718492e-01 9.47560891e-01 2.98694309e-01
   1.66489868e+00 3.41156416e-01 1.14619489e+00 4.49512028e-01
   8.27683109e-01 9.94320852e-01 6.74511329e-01 5.81223940e-01
   6.11950617e-01 1.24650163e+00 9.24544208e-01 1.08068880e+00
   1.12558762e+00 3.65646836e+00 1.16880464e+00 8.38388894e-01
   1.16338399e+00 1.73883364e+00 6.11221993e-01 5.05502148e-01
   3.36552895e-01 1.13097137e+00 1.10041436e+00 9.98308762e-01
   9.86016022e-01 1.79915966e+00 4.50954192e-01 7.16881874e-01
   1.51669916e+00 1.38753270e+00 6.12651174e-01 1.09888377e+00
   1.61489320e+00 8.58530654e-01 1.60965808e+00 9.21764122e-01
   2.11140204e+00 1.12647274e+00 8.40488918e-01 1.83488301e+00
   7.66292476e-01 9.04151649e-01 8.02914051e-01 2.17090356e+00
   6.96913806e-01 9.06514041e-01 1.23282713e+00 1.03194823e+00
   4.50301512e-01 5.43095338e-01 1.61780965e+00 8.53224378e-01
   1.43368879e+00 1.71237194e+00 9.15448979e-01 1.62816297e+00
   9.82752705e-01 7.48191365e-01 8.53504436e-01 1.02002436e+00
   1.21388600e+00 8.81550621e-01 1.04789958e+00 9.89586647e-01
   1.89971650e+00 4.42331588e-01 1.44497973e+00 7.91198221e-01
   9.16522106e-01 9.72454493e-01 7.08464042e-01 1.07904572e+00
   1.06433242e+00 6.07285223e-01 1.44685692e+00 1.41741217e+00
   3.32972537e-01 1.15826636e+00 9.93958295e-01 8.51918603e-01
   5.74262229e-01 3.15628221e+00]
  [8.06437849e-01 1.16294453e+00 8.14587696e-01 7.66559268e-01
   7.92801252e-01 9.43584728e-01 1.69720838e+00 9.44687950e-01
   2.00042895e+00 8.35902185e-01 6.71841305e-01 8.57432019e-01
   5.76492086e-01 1.02873306e+00 7.39997286e-01 1.26739258e+00
   9.26121833e-01 1.04183431e+00 7.18621766e-01 8.08149350e-01
   6.75064733e-01 5.42446302e-01 7.26047357e-01 9.57993283e-01
   7.79588584e-01 9.45312259e-01 1.30062634e+00 6.98786637e-01
   7.85614815e-01 6.23926213e-01 8.23906023e-01 1.07532872e+00
   8.23263009e-01 6.74207945e-01 6.01841384e-01 6.35863645e-01
   5.72131628e-01 1.20497161e+00 1.22698983e+00 9.33698635e-01
   1.03264065e+00 5.86788295e-01 7.21618650e-01 9.12992729e-01
   8.33813317e-01 6.79767824e-01 9.24613733e-01 7.01317710e-01
   1.00820499e+00 7.07936220e-01 9.45689763e-01 1.46106317e+00
   9.81851918e-01 7.37825387e-01 6.67847031e-01 9.88359120e-01
   6.22176608e-01 6.86867976e-01 7.97530071e-01 7.93801042e-01
   5.67436409e-01 8.20674974e-01 8.04806957e-01 9.70910151e-01
   7.76299514e-01 6.25543007e-01 1.33367736e+00 6.60571870e-01
   6.18310192e-01 5.78756368e-01 8.39322412e-01 1.08214210e+00
   6.71770191e-01 1.05290383e+00 6.71192247e-01 1.17021260e+00
   1.48098287e+00 1.46718442e+00 6.53668430e-01 9.48620929e-01
   8.52020887e-01 8.65715620e-01 7.76337744e-01 8.71427753e-01
   7.83116352e-01 9.74949765e-01 7.81998770e-01 7.99709595e-01
   8.18826698e-01 6.95450741e-01 9.95322607e-01 7.29744737e-01
   6.56820410e-01 7.90872221e-01 8.88778887e-01 6.99422058e-01
   6.59820492e-01 9.49643726e-01 8.64572740e-01 9.10647025e-01
   8.33407754e-01 6.66944944e-01 1.40570179e+00 5.40133091e-01
   1.00231620e+00 5.70968889e-01 7.07305191e-01 6.61795734e-01
   1.00709668e+00 8.97287154e-01 9.03312200e-01 8.45117304e-01
   7.63885090e-01 7.86154756e-01 9.08840652e-01 7.40829330e-01
   9.88360562e-01 4.95121717e-01 7.37103636e-01 7.19059178e-01
   8.66309255e-01 7.07030292e-01 8.18881284e-01 5.19405070e-01
   1.02260064e+00 1.00749511e+00 1.05466674e+00 8.89193673e-01
   9.95014771e-01 1.05112739e+00 7.31174427e-01 1.18450668e+00
   8.77875144e-01 1.12620023e+00 7.82253391e-01 6.43801232e-01
   1.03143651e+00 7.05701345e-01 1.64981752e+00 9.11916868e-01
   8.96172039e-01 6.22965823e-01 1.38601143e+00 8.39331051e-01
   7.33821439e-01 7.13343803e-01 1.31452812e+00 8.36305188e-01
   7.20035085e-01 1.04348858e+00]]

 [[1.14500238e+00 7.29489088e-01 7.35850304e-01 1.13472527e+00
   7.06225193e-01 5.40208280e-01 4.87459369e-01 2.52513924e-01
   3.61970888e-01 4.64141120e-01 5.05096358e-01 1.04369633e+00
   8.04290547e-01 1.03794588e+00 6.05329130e-01 1.12197620e+00
   3.38100413e-01 6.19776785e-01 5.29947862e-01 5.34718162e-01
   5.31946213e-01 6.44272215e-01 8.82851827e-01 7.47388405e-01
   7.85991950e-01 7.47616836e-01 7.78497787e-01 5.34202923e-01
   4.03831498e-01 5.16849838e-01 2.38624396e-01 4.02933156e-01
   9.50072231e-01 9.47335459e-01 1.82273839e+00 6.33822259e-01
   4.61824436e-01 1.03671434e+00 8.53758805e-01 7.48137077e-01
   2.02651058e-01 5.41050671e-01 1.37079196e+00 7.06409535e-01
   6.99306647e-01 1.66244002e+00 5.17119855e-01 7.57470450e-01
   1.98607131e+00 5.38901826e-01 5.98852307e-01 1.12914766e+00
   3.84599414e-01 5.63681348e-01 4.25047118e-01 9.77480297e-01
   7.48331576e-01 9.63897282e-01 3.69924872e-01 9.64642539e-01
   6.33339023e-01 5.55782743e-01 9.11965429e-01 2.19284883e+00
   6.84232846e-01 6.69154166e-01 4.89531318e-01 3.66755728e-01
   8.25913976e-01 4.89598064e-01 4.59060547e-01 1.37654511e+00
   6.47740953e-01 6.42106625e-01 1.04091747e+00 7.36175814e-01
   7.53995574e-01 3.21937538e-01 6.32915781e-01 7.68258562e-01
   4.79203718e-01 1.17532730e+00 4.47650553e-01 6.05376593e-01
   5.19764005e-01 1.05325709e+00 6.06944775e-01 7.69361207e-01
   4.84281731e-01 6.69754029e-01 7.69903341e-01 5.39096252e-01
   5.45963932e-01 6.27949235e-01 9.45257492e-01 1.22754217e+00
   5.74898964e-01 3.20125801e-01 8.96244530e-01 4.83677399e-01
   5.77752924e-01 7.24011350e-01 9.25437711e-01 3.28870382e-01
   1.39082061e+00 5.67935079e-01 7.81571619e-01 6.25511261e-01
   8.40987797e-01 4.62214930e-01 6.70907002e-01 8.56663900e-01
   3.43261283e-01 5.00906877e-01 2.59613938e-01 4.16235429e-01
   2.21181787e-01 6.32884171e-01 8.65250137e-01 6.55599221e-01
   1.40635641e+00 4.98486356e-01 5.69479153e-01 4.47187532e-01
   9.63469114e-01 3.77147501e-01 3.27435549e-01 5.55859250e-01
   4.60818423e-01 5.19255952e-01 1.14443978e+00 4.14098712e-01
   5.91223244e-01 2.04464190e-01 3.36632045e-01 8.04231231e-01
   1.42163460e+00 9.46699782e-01 5.93517346e-01 1.70246622e+00
   5.16501466e-01 7.40109507e-01 7.76450872e-01 1.85619708e-01
   7.10865352e-01 4.45720276e-01 4.67673107e-01 1.73050381e+00
   9.24330151e-01 1.38708329e+00]
  [8.04535866e-01 5.14720343e-01 5.02092397e-01 5.00898617e-01
   4.34296941e-01 5.34040908e-01 6.79111345e-01 5.89181029e-01
   6.65509734e-01 5.44846056e-01 7.57338762e-01 4.65348550e-01
   6.09387622e-01 7.61822868e-01 6.05094788e-01 5.72071554e-01
   4.66224429e-01 6.00062035e-01 7.53686792e-01 6.13493036e-01
   6.51920818e-01 5.98009040e-01 4.47609270e-01 3.30356266e-01
   4.10492698e-01 4.26918682e-01 6.25027838e-01 5.30006670e-01
   6.10006376e-01 6.58343498e-01 8.81244179e-01 4.79384541e-01
   8.01126958e-01 6.34071041e-01 1.03186963e+00 4.99253852e-01
   7.59655840e-01 6.05562863e-01 6.24574612e-01 8.73538203e-01
   9.41516067e-01 7.53140589e-01 4.63628164e-01 7.41144352e-01
   5.22688926e-01 7.07332550e-01 5.25182943e-01 4.27844012e-01
   6.77639473e-01 7.10700537e-01 5.19532288e-01 5.33130733e-01
   4.76678085e-01 5.64185374e-01 7.52679239e-01 3.64578921e-01
   5.79158949e-01 5.61044907e-01 4.68869157e-01 4.17309846e-01
   6.69790954e-01 6.61447889e-01 6.47224661e-01 4.21655894e-01
   5.73402108e-01 6.96328434e-01 4.78474697e-01 6.68051298e-01
   6.31299825e-01 6.47606106e-01 6.29650650e-01 5.45026829e-01
   4.84380097e-01 6.02183149e-01 4.27835832e-01 7.04683747e-01
   4.58470365e-01 4.22847203e-01 8.81026503e-01 7.67027215e-01
   8.00702673e-01 5.61019867e-01 3.90518897e-01 5.11899180e-01
   4.69721712e-01 4.34979709e-01 5.61946468e-01 6.63777848e-01
   5.39254111e-01 3.76058970e-01 4.51622468e-01 6.23410781e-01
   5.09326796e-01 5.93022263e-01 5.40638955e-01 4.93790870e-01
   4.87217921e-01 7.37487732e-01 4.85515157e-01 4.85278903e-01
   3.78590478e-01 7.64601944e-01 5.14848929e-01 6.04766535e-01
   4.79299581e-01 7.23616009e-01 5.83605570e-01 8.58541786e-01
   6.04118025e-01 4.35049838e-01 7.83175105e-01 9.13552021e-01
   6.51386779e-01 6.54460313e-01 5.66554904e-01 4.47089602e-01
   8.58946144e-01 6.54512000e-01 4.52608814e-01 4.69858712e-01
   4.38168965e-01 4.87676239e-01 6.19392335e-01 6.64174467e-01
   6.45592551e-01 8.41427444e-01 8.45196286e-01 9.53268301e-01
   5.92107326e-01 4.34548439e-01 6.84215912e-01 4.01340065e-01
   6.13597010e-01 6.62683683e-01 6.62507147e-01 7.30989454e-01
   6.09421642e-01 6.60481214e-01 4.28095923e-01 5.82564961e-01
   9.84178229e-01 5.28235823e-01 6.95663528e-01 5.34780353e-01
   6.82391862e-01 5.03858154e-01 6.51371456e-01 7.37358487e-01
   3.94346580e-01 5.24323220e-01]]

 [[4.52395027e-01 5.27480687e-01 2.85579565e-01 2.31573364e-01
   3.43253683e-01 4.73077812e-01 3.29084108e-01 8.55168192e-01
   4.13505249e-01 1.94095693e-01 6.35116972e-01 2.83608549e-01
   2.31844287e-01 4.52390502e-01 5.98320640e-01 1.96348944e-01
   4.18675415e-01 5.88559084e-01 3.44504626e-01 6.50815899e-01
   2.99944463e-01 5.18067210e-01 4.79194692e-01 5.54789673e-01
   2.39881866e-01 2.36432571e-01 4.63079312e-01 6.70373585e-01
   7.59778308e-01 7.30352768e-01 5.48963473e-01 4.76898639e-01
   2.05181052e-01 8.63466082e-01 3.77401006e-01 2.15820114e-01
   4.19809168e-01 2.49535171e-01 3.09170585e-01 5.79873840e-01
   4.32765396e-01 5.01572784e-01 4.54733811e-01 5.43261533e-01
   2.10901393e-01 1.05979557e+00 6.88292888e-01 4.32451499e-01
   2.99790740e-01 2.71531599e-01 3.34853956e-01 6.32365418e-01
   4.62846279e-01 6.36789684e-01 6.41764073e-01 3.33852872e-01
   6.68237797e-01 4.89826582e-01 2.25534920e-01 8.05459548e-01
   3.01373388e-01 1.90954901e-01 7.25776898e-01 3.35589618e-01
   8.10924934e-01 3.24515182e-01 3.49197255e-01 6.40068796e-01
   2.01528146e-01 2.85710599e-01 4.80923422e-01 4.18769741e-01
   4.93727129e-01 6.17901602e-01 2.63321285e-01 3.43758098e-01
   5.60859081e-01 2.74759961e-01 3.24655739e-01 4.53548681e-01
   3.24471185e-01 3.11680580e-01 3.88270830e-01 3.45801728e-01
   5.20039556e-01 2.41833318e-01 4.82026340e-01 6.83315506e-01
   6.03258351e-01 4.08577125e-01 5.86872055e-01 4.62580170e-01
   4.15577013e-01 5.26588399e-01 8.45620317e-01 5.81968681e-01
   4.99477453e-01 6.32609851e-01 8.35301241e-01 2.60302626e-01
   3.60886558e-01 3.65972264e-01 8.31579453e-01 2.80148071e-01
   7.87633491e-01 3.71181627e-01 3.29354039e-01 3.85693270e-01
   4.41844224e-01 8.60273914e-01 4.64322179e-01 5.75958303e-01
   4.66249317e-01 4.30982648e-01 3.43189854e-01 4.28904963e-01
   4.19413264e-01 4.75881763e-01 4.51225939e-01 5.22658689e-01
   5.33110656e-01 5.67388088e-01 4.51030295e-01 4.27374031e-01
   4.09236635e-01 7.69036428e-01 6.17623054e-01 6.57999610e-01
   8.00917758e-01 2.95178038e-01 3.53391234e-01 2.13445339e-01
   2.90709592e-01 6.94692310e-01 6.89884852e-01 3.14618128e-01
   5.84864801e-01 3.82908927e-01 1.98560420e-01 4.16360429e-01
   7.07020011e-01 3.94765493e-01 5.77380871e-01 3.15637805e-01
   2.51239004e-01 3.11958891e-01 2.79009165e-01 7.17980123e-01
   5.83612055e-01 5.03421211e-01]
  [2.90248083e-01 3.66098258e-01 3.97292915e-01 2.85007499e-01
   2.72268433e-01 5.64871876e-01 3.57835305e-01 5.50712980e-01
   3.32649692e-01 3.55385776e-01 4.25928221e-01 4.64233274e-01
   3.64613435e-01 4.35582439e-01 4.14797209e-01 4.62951423e-01
   4.11955946e-01 3.50950906e-01 2.99473964e-01 3.46517276e-01
   2.96498019e-01 4.51826186e-01 4.76154245e-01 4.49068084e-01
   3.81492988e-01 3.55728237e-01 4.02789518e-01 4.24819684e-01
   7.12708197e-01 3.25707806e-01 3.08574541e-01 4.96144016e-01
   2.07688706e-01 5.07540409e-01 3.36144595e-01 4.03476369e-01
   3.76910989e-01 3.57569298e-01 5.74568650e-01 3.76466880e-01
   3.67395376e-01 4.28834785e-01 5.05073954e-01 3.35758650e-01
   5.11816530e-01 2.17790971e-01 3.61195086e-01 3.85200528e-01
   3.02845887e-01 2.95961392e-01 3.75564911e-01 5.02725650e-01
   4.18119430e-01 4.06027927e-01 4.49051469e-01 4.46795884e-01
   2.23784775e-01 4.80394535e-01 4.27403514e-01 4.17909603e-01
   4.60047453e-01 4.87593995e-01 5.42215822e-01 4.91400011e-01
   4.31194389e-01 4.90321989e-01 3.02117624e-01 3.10820323e-01
   2.84345725e-01 4.76669311e-01 2.84944937e-01 2.42552329e-01
   4.47446724e-01 5.29672764e-01 3.03812485e-01 4.06346333e-01
   5.19660465e-01 7.08300335e-01 3.32431293e-01 4.28098147e-01
   4.97609141e-01 3.01148595e-01 3.60585813e-01 4.47461878e-01
   5.80729434e-01 2.73471501e-01 4.09064851e-01 4.34947981e-01
   4.60340527e-01 5.45370035e-01 3.03549995e-01 4.29933186e-01
   5.18239737e-01 2.95193500e-01 5.20197994e-01 3.60340180e-01
   5.76176753e-01 3.81373905e-01 4.78146575e-01 3.71914006e-01
   3.18544002e-01 4.65479155e-01 5.16157010e-01 3.34444229e-01
   3.54311611e-01 4.10985930e-01 6.65593653e-01 4.44228439e-01
   3.53944454e-01 5.79033997e-01 3.34641097e-01 3.90727690e-01
   2.83717720e-01 2.30783892e-01 4.01322890e-01 3.72834079e-01
   4.32732429e-01 3.78907201e-01 5.78894582e-01 4.32013500e-01
   4.49680756e-01 4.68166188e-01 3.46649158e-01 4.83073206e-01
   4.72073785e-01 4.13800540e-01 4.03885006e-01 3.35038116e-01
   3.43747523e-01 7.00878589e-01 5.75013411e-01 5.31689284e-01
   5.10829104e-01 3.58087174e-01 3.32374115e-01 3.77748934e-01
   4.11363086e-01 5.05679659e-01 3.66729441e-01 4.52533976e-01
   2.80354378e-01 3.40002402e-01 3.83754554e-01 3.07338316e-01
   2.99043699e-01 3.87052762e-01 3.99356003e-01 4.17088074e-01
   3.65155719e-01 4.31224989e-01]]

 [[4.11089123e-01 3.43912706e-01 3.00636614e-01 4.40450576e-01
   8.76267816e-01 2.32823641e-01 1.47190532e-01 2.20752768e-01
   2.58261463e-01 3.63596754e-01 9.80411541e-02 6.94281575e-01
   4.57505566e-01 1.86233029e-01 3.83956294e-01 5.94489830e-01
   3.98839668e-01 4.75775662e-01 4.23800405e-01 5.16085616e-01
   9.22649240e-01 4.32849718e-01 3.72815020e-01 2.35489190e-01
   3.44332195e-01 4.83009303e-01 7.79810110e-01 2.53174030e-01
   1.86792758e-01 3.72344642e-01 3.28274217e-01 3.86392515e-01
   3.92244315e-01 6.87391571e-01 2.72689482e-01 2.50440783e-01
   3.98446938e-01 4.22338115e-01 2.02206062e-01 1.43241039e-01
   2.74153572e-01 3.03628772e-01 2.89654985e-01 1.27123114e-01
   1.49085842e-01 5.92553164e-01 4.17060781e-01 2.97041245e-01
   2.01024107e-01 2.61208212e-01 2.90957359e-01 3.23973404e-01
   4.68773668e-01 2.03525270e-01 2.44748538e-01 5.44479885e-01
   4.37677399e-01 2.64228853e-01 2.52469393e-01 2.63268849e-01
   1.32492509e-01 3.17708118e-01 4.47500999e-01 1.61208149e-01
   3.48177581e-01 1.94935507e-01 2.63801873e-01 1.94596109e-01
   2.93397578e-01 3.62956368e-01 5.31546461e-01 5.95526384e-01
   1.93128924e-01 3.81837885e-01 1.30265861e-01 4.04931066e-01
   2.06828715e-01 2.54451721e-01 1.59254921e-01 2.17051977e-01
   2.37035036e-01 3.56713412e-01 3.92276599e-01 2.42203141e-01
   2.90880475e-01 5.04985422e-01 4.45904995e-01 3.57605875e-01
   2.14544815e-01 2.74824527e-01 2.34927483e-01 2.74523702e-01
   5.09841111e-01 4.87460329e-01 1.21142772e-01 4.10284902e-01
   4.47626341e-01 2.06236854e-01 4.92410214e-01 2.34800915e-01
   2.85392696e-01 1.15472959e-01 2.93279872e-01 4.32183227e-01
   2.68848336e-01 3.39406681e-01 1.60604469e-01 3.42233088e-01
   2.68502587e-01 2.31767546e-01 2.60491662e-01 3.83782597e-01
   1.78984290e-01 1.86820196e-01 2.74174253e-01 6.50764017e-01
   3.97745965e-01 5.39319778e-01 3.44036083e-01 3.07271560e-01
   7.83541908e-01 2.06702554e-01 2.20717062e-01 3.82911215e-01
   1.93448043e-01 9.85677587e-02 2.54235856e-01 1.75934592e-01
   3.25513417e-01 1.55688039e-01 3.47870291e-01 1.31760154e-01
   3.98878678e-01 2.27411460e-01 2.54143978e-01 1.58551045e-01
   3.17303093e-01 1.44024110e-01 2.47466318e-01 1.33428384e-01
   1.94737490e-01 3.27422547e-01 6.19614334e-01 2.43862309e-01
   4.17559170e-01 3.16508830e-01 3.08906092e-01 3.57693043e-01
   3.83151443e-01 3.03260055e-01]
  [2.57242318e-01 2.36365322e-01 2.98304164e-01 2.60668029e-01
   3.38077699e-01 3.45104592e-01 2.59286048e-01 2.37236227e-01
   2.35768454e-01 2.43397279e-01 2.74840357e-01 2.73685023e-01
   3.89687817e-01 2.44115063e-01 2.26364291e-01 2.25877780e-01
   2.58370213e-01 3.28598318e-01 2.30452844e-01 2.64978479e-01
   2.25421178e-01 4.07445491e-01 2.61476822e-01 2.61762774e-01
   2.43998911e-01 3.25563207e-01 2.40621010e-01 4.64301828e-01
   3.00453997e-01 2.24752680e-01 2.67712263e-01 2.65136515e-01
   3.14631106e-01 2.35669840e-01 2.88573730e-01 2.98619235e-01
   2.69638140e-01 2.40869434e-01 3.22586667e-01 2.36802833e-01
   2.92982086e-01 3.42511293e-01 2.19439296e-01 4.29928085e-01
   3.20535801e-01 2.87070144e-01 3.19316046e-01 3.60756847e-01
   2.80073181e-01 3.29717642e-01 4.27682750e-01 2.44115378e-01
   3.04499136e-01 3.69612718e-01 2.19796077e-01 3.16308503e-01
   2.77902966e-01 2.73998142e-01 2.51827477e-01 2.80055496e-01
   4.31572956e-01 3.38197070e-01 3.41715416e-01 2.94635228e-01
   2.73867150e-01 2.32449475e-01 4.06209118e-01 2.64854611e-01
   2.47920422e-01 2.76985069e-01 3.79838397e-01 3.30671038e-01
   2.31431371e-01 2.85505449e-01 2.91230294e-01 3.15867774e-01
   2.68813743e-01 2.50575166e-01 2.19653247e-01 3.34458465e-01
   2.26014336e-01 3.56462813e-01 2.44935622e-01 2.70998613e-01
   2.44833538e-01 3.09452477e-01 3.85322740e-01 2.60394910e-01
   2.90554572e-01 3.09859241e-01 2.13881255e-01 4.07331473e-01
   2.15650632e-01 2.70129869e-01 3.23645175e-01 1.78062135e-01
   3.39631203e-01 2.32559586e-01 2.19587397e-01 4.08382950e-01
   3.37637786e-01 3.14118256e-01 2.78642590e-01 3.63103666e-01
   2.78251369e-01 3.19884458e-01 3.51209657e-01 3.07896452e-01
   2.53337138e-01 2.71405911e-01 2.97501426e-01 2.56175773e-01
   1.97095355e-01 3.60597613e-01 2.35915724e-01 3.30969304e-01
   3.78098436e-01 2.59147939e-01 3.17380411e-01 2.70013587e-01
   2.75643870e-01 1.87091142e-01 2.99902774e-01 3.90449647e-01
   1.97833060e-01 3.17685089e-01 2.73288065e-01 3.26329878e-01
   2.21738293e-01 2.35450171e-01 3.52795578e-01 3.19488320e-01
   2.22232654e-01 3.33158196e-01 2.40212585e-01 3.27993624e-01
   2.15872180e-01 5.53146376e-01 2.80185374e-01 2.01080593e-01
   2.24335600e-01 4.09393730e-01 3.61305628e-01 4.09015084e-01
   3.64980748e-01 2.57094899e-01 4.18001178e-01 2.80104361e-01
   2.02380982e-01 3.31540934e-01]]

 [[3.00772135e-01 2.14987978e-01 2.02474415e-01 2.82314956e-01
   5.48029784e-01 1.52304102e-01 1.99440447e-01 1.05118014e-01
   1.75231779e-01 3.21741665e-01 1.50746086e-01 2.25490251e-01
   7.63562801e-02 3.52323836e-01 1.62063263e-01 3.83030552e-01
   2.25568967e-01 2.06555037e-01 2.78626143e-01 3.06314146e-01
   1.85361644e-01 1.81369034e-01 3.11035867e-01 3.06218397e-01
   2.06366576e-01 2.00980238e-01 2.52198765e-01 1.17379944e-01
   3.13238782e-01 2.14730648e-01 2.24755116e-01 2.27036090e-01
   2.80446892e-01 4.36028847e-01 4.11388358e-01 2.57328137e-01
   8.57703027e-02 2.89612732e-01 2.18570658e-01 2.84697333e-01
   1.50287476e-01 3.50077460e-01 2.38570901e-01 2.39601624e-01
   1.29340532e-01 2.38366056e-01 2.39170926e-01 2.66937431e-01
   2.23876017e-01 3.05726890e-01 4.78494182e-01 1.17763704e-01
   1.58514163e-01 2.18687624e-01 2.19067857e-01 4.24704081e-01
   1.60250772e-01 1.46207614e-01 1.81498365e-01 3.02744040e-01
   2.09470030e-01 4.10063662e-01 1.76897947e-01 2.24642412e-01
   2.81396753e-01 1.78449473e-01 1.04920617e-01 2.83905784e-01
   3.28083098e-01 2.05556325e-01 4.26517544e-01 2.53047616e-01
   1.94744382e-01 2.27234357e-01 1.67252184e-01 1.06540036e-01
   2.79819636e-01 1.02262762e-01 2.02502988e-01 1.64415513e-01
   1.98822518e-01 1.79368813e-01 9.85943818e-02 2.26090954e-01
   2.28448150e-01 1.00177505e-01 1.67912128e-01 4.74441877e-01
   3.22875760e-01 1.65861861e-01 5.47371036e-01 1.98678738e-01
   5.37132395e-02 3.48112626e-01 1.21551241e-01 2.63327817e-01
   4.48543884e-01 7.61470579e-02 3.94745629e-01 1.41783022e-01
   1.08529738e-01 2.85666150e-01 1.55861052e-01 3.03013794e-01
   1.75059054e-01 1.81783611e-01 2.43542962e-01 2.64786655e-01
   1.70887730e-01 2.10345714e-01 1.09753083e-01 1.31731140e-01
   3.12219831e-01 1.74604831e-01 2.31287742e-01 2.41436730e-01
   2.01107017e-01 2.39301839e-01 3.77467103e-01 4.53133652e-01
   2.37725868e-01 1.33477768e-01 2.83626071e-01 2.01185434e-01
   2.05919136e-01 3.25417632e-01 1.60775198e-01 2.90118929e-01
   1.81897409e-01 2.98660431e-01 3.07417043e-01 1.59157190e-01
   2.73499225e-01 2.98428912e-01 3.86073262e-01 1.18160145e-01
   3.35555030e-01 3.05121557e-01 2.88367216e-01 3.31375529e-01
   3.22064332e-01 6.17670297e-02 2.20039187e-01 1.33581258e-01
   1.78301948e-01 4.71309962e-01 2.55788119e-01 1.40983149e-01
   2.25069740e-01 2.16595297e-01]
  [2.73885873e-01 1.89198700e-01 2.67335656e-01 1.56827078e-01
   2.21767935e-01 1.63883719e-01 2.50735909e-01 2.25731113e-01
   2.12144129e-01 2.10869884e-01 1.96818619e-01 1.96075702e-01
   1.53907749e-01 2.44568378e-01 1.59387100e-01 2.36251966e-01
   2.83340855e-01 1.83253929e-01 1.97316425e-01 2.15814032e-01
   2.06692304e-01 2.24223836e-01 2.98808435e-01 2.25600362e-01
   2.30193856e-01 2.01407509e-01 1.33785530e-01 2.14605327e-01
   2.43218722e-01 1.93001483e-01 2.41384800e-01 1.77389281e-01
   1.63069679e-01 2.14760265e-01 2.42692594e-01 2.60436174e-01
   2.05211997e-01 1.31954713e-01 1.40917052e-01 2.62018919e-01
   2.66461447e-01 1.93002474e-01 1.46449279e-01 1.78169332e-01
   2.52989169e-01 2.10679954e-01 2.78157480e-01 2.24334036e-01
   1.32558628e-01 1.29214124e-01 2.54192531e-01 2.10750052e-01
   1.63202387e-01 1.85679317e-01 2.12203469e-01 1.64551376e-01
   2.40079418e-01 1.76730065e-01 1.55370605e-01 2.39372620e-01
   2.45089528e-01 2.31182837e-01 2.18015753e-01 3.13696120e-01
   2.54357304e-01 1.50712074e-01 2.38467097e-01 1.64787207e-01
   2.19676923e-01 2.37687827e-01 2.35319296e-01 2.12762150e-01
   2.11186905e-01 2.44992704e-01 1.96140085e-01 2.85818042e-01
   1.56846782e-01 1.59643545e-01 1.42733452e-01 1.36662330e-01
   2.39117353e-01 2.38320924e-01 1.42019870e-01 2.83252733e-01
   2.25182546e-01 1.61895541e-01 3.13980731e-01 2.26275695e-01
   3.34582385e-01 2.32521492e-01 2.61413344e-01 1.98910555e-01
   2.40022665e-01 2.21222263e-01 2.45649285e-01 2.85248300e-01
   2.50344318e-01 1.39340860e-01 1.52107899e-01 2.77568916e-01
   2.33813918e-01 2.23184436e-01 2.54136049e-01 1.91388243e-01
   2.21438707e-01 1.74458304e-01 1.61733653e-01 1.84732516e-01
   1.94942318e-01 1.84498830e-01 2.32460413e-01 2.03568637e-01
   2.13492743e-01 1.39365618e-01 2.01926973e-01 1.45420391e-01
   2.21290957e-01 2.01923399e-01 2.03657632e-01 2.15216741e-01
   2.16021598e-01 1.97452406e-01 1.14213961e-01 3.36021136e-01
   2.57090343e-01 2.16453936e-01 2.60664027e-01 1.99829007e-01
   2.35436133e-01 2.66691808e-01 1.69516611e-01 2.01690732e-01
   1.06747634e-01 2.05865311e-01 1.92252565e-01 2.26266543e-01
   2.32858504e-01 1.92464680e-01 2.62001820e-01 2.27132965e-01
   1.86035207e-01 2.14957565e-01 2.09671271e-01 1.69779319e-01
   3.09024220e-01 1.80113176e-01 1.58056660e-01 2.24489903e-01
   2.22420426e-01 1.84459336e-01]]

 [[1.49822964e-01 1.91939312e-01 1.56617578e-01 2.55479474e-01
   1.00093713e-01 1.60275146e-01 2.09467323e-01 1.69494891e-01
   1.85207730e-01 3.01984017e-01 3.08342268e-01 1.90322357e-01
   1.94725374e-01 1.20953453e-01 1.24533482e-01 1.66221090e-01
   2.23176895e-01 3.15514934e-01 1.31379937e-01 1.62858657e-01
   3.24184140e-01 6.99716433e-02 1.07055092e-01 9.55943960e-02
   9.46140352e-02 1.90972453e-01 1.65922222e-01 2.40251754e-01
   1.09764336e-01 2.14082576e-01 1.20949143e-01 1.79564080e-01
   9.72805702e-02 1.86862634e-01 7.60414114e-02 1.82086683e-01
   1.04377706e-01 2.62974373e-01 7.75365635e-02 7.03742023e-02
   1.68576170e-01 2.05333754e-01 2.07643386e-01 1.50899455e-01
   1.95922837e-01 1.81792733e-01 1.69345349e-01 2.40234849e-01
   1.52508450e-01 1.27478330e-01 2.33647010e-01 1.20271758e-01
   2.63519721e-01 1.76710184e-01 1.22180346e-01 1.63849695e-01
   1.42972573e-01 2.69428400e-01 1.74389677e-01 2.94787200e-01
   1.46803425e-01 7.38022170e-02 1.49081642e-01 1.15499468e-01
   2.98077100e-01 1.02547435e-01 1.25651931e-01 1.72232184e-01
   1.57349116e-01 2.40717178e-01 1.37519526e-01 2.09317796e-01
   1.48104961e-01 1.08521203e-01 2.99882284e-01 2.07902764e-01
   1.10041584e-01 3.27560354e-01 9.02185422e-02 1.65436892e-01
   2.70376976e-01 1.60748173e-01 1.07261557e-01 1.71402924e-01
   1.71836869e-01 1.86965208e-01 2.54799240e-01 1.57645883e-01
   1.87010660e-01 1.19207428e-01 9.31201311e-02 4.68714892e-02
   1.88025844e-01 1.12827636e-01 1.37792923e-01 1.91792364e-01
   2.21424838e-01 6.93410951e-02 1.21754256e-01 1.20588495e-01
   1.23219793e-01 1.32558943e-01 1.94942028e-01 1.47297600e-01
   2.65879453e-01 1.49734089e-01 1.25579695e-01 1.66878383e-01
   2.91009265e-01 1.79295776e-01 1.70226604e-01 1.62757951e-01
   1.32333039e-01 6.43434399e-02 3.34203329e-01 2.37286950e-01
   1.93821286e-01 1.42170273e-01 1.05327614e-01 6.65057343e-02
   3.31435974e-01 1.31188353e-01 7.89419027e-02 2.67555151e-01
   1.21939223e-01 3.25816617e-01 1.71566644e-01 1.74046521e-01
   1.10750706e-01 1.09971564e-01 1.30745983e-01 2.84592746e-01
   1.55306872e-01 1.98641395e-01 1.35744517e-01 2.99990991e-01
   2.39349716e-01 1.53367671e-01 1.06200915e-01 2.06506689e-01
   3.57657617e-01 1.05583010e-01 1.78525539e-01 3.08089845e-01
   1.58941295e-01 1.92353043e-01 2.21319168e-01 3.82371861e-01
   3.10289176e-01 1.52404697e-01]
  [1.54240152e-01 1.53249253e-01 1.18583430e-01 1.22065544e-01
   1.16428577e-01 1.81855018e-01 2.24121796e-01 1.61612143e-01
   2.08348172e-01 1.39600750e-01 1.17105031e-01 9.51983184e-02
   1.70332445e-01 1.12186867e-01 1.16719400e-01 1.46066073e-01
   1.65360080e-01 1.83037569e-01 1.19174164e-01 1.52947242e-01
   2.00126002e-01 1.73608439e-01 1.33785493e-01 1.81041200e-01
   1.28898025e-01 1.27163402e-01 8.47813826e-02 1.91488321e-01
   1.08212711e-01 1.07823552e-01 1.39257563e-01 1.51093098e-01
   1.24847178e-01 1.25248018e-01 1.48797604e-01 8.37416604e-02
   1.41890309e-01 1.56762994e-01 1.36189443e-01 1.32062770e-01
   1.24828255e-01 1.02592254e-01 1.52074153e-01 1.18487168e-01
   1.62080468e-01 1.38009286e-01 1.20413537e-01 1.10304377e-01
   1.29407357e-01 1.30693752e-01 1.78884320e-01 1.64593360e-01
   1.34900159e-01 1.35807763e-01 1.14515041e-01 1.50197882e-01
   1.36677275e-01 1.12813873e-01 1.26816896e-01 1.45009159e-01
   1.36964303e-01 1.03996353e-01 1.40355261e-01 1.07289383e-01
   1.31956824e-01 1.18307715e-01 1.53934354e-01 1.62998135e-01
   1.39786255e-01 1.52473138e-01 1.23655689e-01 2.20866751e-01
   1.23414538e-01 1.08881508e-01 1.27262351e-01 1.40965607e-01
   1.53873125e-01 1.46796398e-01 2.18099775e-01 1.89832649e-01
   1.22615686e-01 1.80298666e-01 1.47957625e-01 9.98207207e-02
   1.05887520e-01 1.78417361e-01 1.86360186e-01 1.13470115e-01
   1.45463175e-01 1.53132548e-01 1.48305565e-01 1.30441653e-01
   1.14663401e-01 1.02741768e-01 2.05068834e-01 1.24765519e-01
   1.08631729e-01 1.52794404e-01 1.33394162e-01 1.65739161e-01
   1.64463982e-01 1.63872064e-01 1.70962923e-01 1.24785610e-01
   1.50748845e-01 1.27595971e-01 1.30713905e-01 1.42841052e-01
   1.22486700e-01 1.75031791e-01 1.19524255e-01 1.55494362e-01
   2.14317151e-01 1.11139668e-01 1.43781112e-01 1.40753361e-01
   1.10592515e-01 8.93736424e-02 3.05352849e-01 1.03065485e-01
   1.39170322e-01 1.39914120e-01 1.52815187e-01 1.54571919e-01
   1.52597912e-01 1.32424511e-01 2.02151113e-01 1.53409256e-01
   1.28610040e-01 1.31303579e-01 1.00275271e-01 1.19835245e-01
   1.61589891e-01 1.77080689e-01 1.26345046e-01 1.63456618e-01
   1.54922544e-01 1.48207709e-01 9.35934972e-02 1.60767871e-01
   1.61680651e-01 2.05997039e-01 1.66394816e-01 1.38246295e-01
   1.31581806e-01 1.26673102e-01 2.29221581e-01 1.60065910e-01
   1.47747484e-01 1.38536939e-01]]

 [[1.51746907e-01 8.21523060e-02 5.93753758e-02 1.76511308e-01
   8.54792817e-02 1.32308307e-01 1.64186969e-01 7.97127604e-02
   9.60577959e-02 2.35399694e-01 5.47993092e-02 1.96968728e-01
   2.81035689e-02 1.68222914e-01 2.42039637e-01 1.25406238e-01
   7.34634516e-02 2.26672279e-01 8.80281963e-02 1.07192436e-01
   1.91774404e-01 8.02291215e-02 6.80222855e-02 1.59780971e-01
   6.82440288e-02 9.33233051e-02 1.35583396e-01 9.38238238e-02
   9.13280474e-02 8.01158088e-02 1.17164302e-01 1.25104188e-01
   7.04926274e-02 1.42696323e-01 6.03519112e-02 5.06426950e-02
   6.08324025e-02 1.19461795e-01 9.13430835e-02 4.64144602e-02
   1.16467178e-01 7.93117733e-02 7.37435868e-02 7.76217231e-02
   1.45335067e-01 3.19565582e-01 8.74414186e-02 2.37337888e-01
   1.70694960e-01 1.70111815e-01 1.30832947e-01 1.27361800e-01
   6.08180181e-02 1.57187107e-01 7.85240982e-02 1.54551613e-01
   1.13988990e-01 9.82737281e-02 1.12315694e-01 1.50049022e-01
   1.09609315e-01 8.53413450e-02 1.02365207e-01 7.68648095e-02
   5.30769096e-02 1.60752430e-01 5.27882075e-02 6.27949671e-02
   1.37278195e-01 1.78453855e-01 1.08988012e-01 1.38265667e-01
   1.05661148e-01 2.21317372e-01 6.75249741e-02 1.71665288e-01
   1.26430720e-01 8.64645911e-02 1.17890274e-01 1.35351370e-01
   1.24405581e-01 1.45216723e-01 6.80573686e-02 9.90617545e-02
   1.40329664e-01 1.13463221e-01 1.67208711e-01 2.02761341e-01
   1.02058495e-01 6.79423661e-02 1.80765950e-01 8.61570064e-02
   1.41155907e-01 6.08885193e-02 1.35014541e-01 1.30426825e-01
   8.67093522e-02 1.33951133e-01 1.05974597e-01 1.25977551e-01
   6.25886874e-02 1.46420024e-01 1.69712867e-01 1.20791080e-01
   7.26662194e-02 2.12276382e-01 1.07993642e-01 1.05630944e-01
   1.14834754e-01 2.24876739e-01 8.63015573e-02 1.20887843e-01
   1.12848181e-01 8.34552112e-02 1.30316870e-01 5.99443965e-02
   6.29180787e-02 6.91085904e-02 8.76632903e-02 1.79711791e-01
   9.92646532e-02 1.10540258e-01 1.65513670e-01 1.17904470e-01
   1.11164417e-01 5.67290158e-02 7.42142302e-02 1.57442836e-01
   2.69065068e-01 4.80080666e-02 1.17530190e-01 1.71849820e-01
   1.08416643e-01 1.66870791e-01 5.96789527e-02 1.28207517e-01
   2.29078987e-01 9.12504136e-02 2.54839319e-01 1.90502284e-01
   5.94302100e-02 1.40232972e-01 1.31997258e-01 1.27006224e-01
   9.52476386e-02 1.84979270e-01 7.13457358e-02 1.12408877e-01
   1.23226491e-01 1.14087283e-01]
  [1.25659949e-01 9.70436180e-02 6.72911942e-02 1.18249155e-01
   9.86174619e-02 1.23574861e-01 1.21840097e-01 1.13819248e-01
   1.73354427e-01 1.03859484e-01 9.61072033e-02 1.17438658e-01
   7.87408142e-02 1.31859379e-01 1.03679699e-01 9.87584919e-02
   1.17571896e-01 1.21502166e-01 1.35593975e-01 1.24506641e-01
   1.10635922e-01 1.69166582e-01 9.26378711e-02 1.01766320e-01
   9.35214740e-02 9.81360593e-02 6.94390384e-02 1.01711355e-01
   1.01919561e-01 1.76360507e-01 1.52878190e-01 9.59336045e-02
   7.05211096e-02 1.34464470e-01 1.08357609e-01 9.76951359e-02
   1.17374430e-01 9.00810517e-02 9.81448121e-02 8.81931326e-02
   9.20317608e-02 9.49595694e-02 1.09927554e-01 1.25492781e-01
   1.04159476e-01 9.44019681e-02 9.37860514e-02 1.36798054e-01
   1.30719336e-01 1.42419536e-01 1.50413779e-01 9.93336761e-02
   1.25524019e-01 9.77969824e-02 1.34663913e-01 1.07039929e-01
   9.94032382e-02 7.94038606e-02 9.78716599e-02 1.13514226e-01
   1.37486436e-01 1.66404877e-01 1.21005135e-01 1.05369815e-01
   1.09104105e-01 1.28350373e-01 7.81486103e-02 6.60917384e-02
   8.99449069e-02 1.54278206e-01 1.12934207e-01 9.57801166e-02
   7.59579170e-02 1.20787390e-01 1.13447398e-01 1.13167874e-01
   9.08765819e-02 1.01056398e-01 9.57090377e-02 1.58271894e-01
   1.09813490e-01 9.90215543e-02 8.17277579e-02 8.46170271e-02
   1.13729712e-01 1.39485736e-01 6.98317377e-02 1.33461304e-01
   7.15964674e-02 1.16474941e-01 7.20390977e-02 7.16393727e-02
   8.08100747e-02 1.24912798e-01 7.10714560e-02 1.35780585e-01
   8.65630366e-02 1.06230920e-01 9.35173823e-02 1.41990781e-01
   1.17906796e-01 1.38456341e-01 1.00879742e-01 1.15909523e-01
   1.22841955e-01 1.39483054e-01 8.91139520e-02 1.40491608e-01
   1.32562355e-01 1.61635170e-01 9.78285720e-02 1.90602362e-01
   1.08100672e-01 1.16920683e-01 1.46827648e-01 1.49771204e-01
   1.11538441e-01 1.01025328e-01 9.22235894e-02 1.03925755e-01
   9.00127779e-02 1.07662265e-01 1.29672406e-01 1.45975600e-01
   9.14038167e-02 1.18417696e-01 1.05757496e-01 1.26650972e-01
   1.41176355e-01 9.56356879e-02 8.38464914e-02 1.29846747e-01
   1.21364619e-01 1.29501838e-01 1.39358338e-01 1.40641693e-01
   9.80225274e-02 1.45177758e-01 1.01150453e-01 1.04168982e-01
   1.06831055e-01 9.58201004e-02 1.19607422e-01 8.34586452e-02
   7.08678570e-02 1.21224288e-01 1.38522226e-01 8.40764176e-02
   1.01597133e-01 1.07562841e-01]]

 [[9.64693551e-02 4.79237632e-02 6.67030612e-02 9.99467180e-02
   1.26818837e-01 8.24609569e-02 4.18352977e-02 2.29254902e-01
   5.45775942e-02 4.97932102e-02 6.66204913e-02 6.85583126e-02
   8.16120876e-02 1.10304162e-01 5.29096360e-02 5.61460904e-02
   1.48035344e-01 1.50168801e-01 1.52958877e-01 1.10715840e-01
   2.20523312e-01 9.11352012e-02 8.46130584e-02 6.98881330e-02
   1.07467574e-01 1.78612166e-01 7.75455039e-02 1.19159911e-01
   1.18310506e-01 1.21736383e-01 8.71754868e-02 6.67003240e-02
   7.19979729e-02 1.12511947e-01 7.02528061e-02 1.57202181e-01
   1.44729214e-01 8.84320255e-02 2.79001153e-02 8.28233878e-02
   9.10591764e-02 1.09028167e-01 9.86470451e-02 1.93596445e-01
   1.41271217e-01 7.54892512e-02 3.66215464e-02 7.61567516e-02
   7.27978344e-02 3.81962367e-02 1.95356357e-01 8.81691924e-02
   8.09225712e-02 9.94822561e-02 8.16290443e-02 8.35210697e-02
   6.36835799e-02 1.13419192e-01 1.00796770e-01 7.46324028e-02
   5.48551797e-02 9.58896573e-02 9.54257853e-02 1.71743516e-01
   1.07826050e-01 7.41239978e-02 2.20040437e-02 7.33938121e-02
   1.21794533e-01 6.26440300e-02 1.05729542e-01 6.17435917e-02
   6.83696193e-02 1.14007041e-01 1.13805029e-01 8.50010847e-02
   5.24051625e-02 8.45490905e-02 8.23905676e-02 9.84518842e-02
   9.60299507e-02 7.39326559e-02 2.11799666e-01 6.33087737e-02
   7.34441719e-02 1.50745971e-01 9.60143290e-02 7.10904260e-02
   9.30558586e-02 6.73168011e-02 9.93967566e-02 9.48735549e-02
   1.10027583e-01 5.09807482e-02 1.41462214e-01 1.11955412e-01
   1.30990519e-01 9.17704076e-02 1.77465998e-01 7.11839685e-02
   1.06235168e-01 6.10220737e-02 3.68847049e-02 8.88444174e-02
   2.18214311e-01 6.06748151e-02 1.09215239e-01 1.01308135e-01
   1.29163764e-01 1.14636291e-01 1.67439937e-01 4.25730692e-02
   4.76520352e-02 9.97200984e-02 1.39045361e-01 5.68609009e-02
   8.37088554e-02 8.38333760e-02 8.88720666e-02 1.43392559e-01
   1.23916323e-01 1.94060034e-01 9.69301636e-02 1.20220341e-01
   7.86938748e-02 8.32218039e-02 1.18245039e-01 1.06275607e-01
   3.58850402e-02 7.97489250e-02 8.33900795e-02 7.65932730e-02
   1.62241919e-01 9.32982679e-02 5.00999926e-02 1.19623100e-01
   7.31425268e-02 9.23425203e-02 1.04622667e-01 5.12718669e-02
   9.94101439e-02 5.89670068e-02 1.80653907e-01 7.33828343e-02
   5.65835294e-02 1.03035501e-01 1.03514132e-01 1.87991338e-01
   1.07839930e-01 1.60634277e-01]
  [9.03301430e-02 8.24818672e-02 1.37691312e-01 7.82993084e-02
   8.78540977e-02 9.06419399e-02 9.54846741e-02 8.25661569e-02
   8.37724229e-02 1.12697695e-01 8.47877582e-02 9.63060462e-02
   7.32948759e-02 1.11182824e-01 9.27883648e-02 9.57664113e-02
   6.50538940e-02 7.22872309e-02 6.63314688e-02 7.90503141e-02
   1.29583489e-01 1.19612605e-01 1.13731522e-01 8.20446620e-02
   7.28531820e-02 6.57803118e-02 9.52958061e-02 6.77331214e-02
   1.11296526e-01 8.41316699e-02 9.16810036e-02 8.94507142e-02
   9.25746227e-02 8.47856498e-02 7.44194957e-02 1.37691760e-01
   9.78575526e-02 9.82466660e-02 9.55519103e-02 8.12573173e-02
   1.43091616e-01 1.18041378e-01 1.34603383e-01 1.02192312e-01
   1.05476912e-01 9.31208411e-02 6.91022245e-02 6.22653369e-02
   1.07727714e-01 8.60806082e-02 9.13447036e-02 6.98278822e-02
   7.60544062e-02 7.94435749e-02 1.23470283e-01 1.08714120e-01
   8.86298748e-02 1.11733515e-01 8.17052996e-02 1.14676156e-01
   8.90530451e-02 7.90445538e-02 7.87836594e-02 6.20336011e-02
   7.84189826e-02 8.46348725e-02 5.82602752e-02 9.44755737e-02
   7.67457776e-02 5.58887966e-02 1.32536423e-01 1.13198216e-01
   7.43008432e-02 6.35738225e-02 6.24347837e-02 1.56555419e-01
   1.16301562e-01 7.29879859e-02 9.13634170e-02 7.58191695e-02
   5.51586638e-02 7.63066579e-02 1.26460570e-01 8.22815629e-02
   8.18631030e-02 1.08736704e-01 8.38745257e-02 7.44630338e-02
   7.88999107e-02 9.02798165e-02 1.13912350e-01 6.46379639e-02
   1.04207600e-01 1.05382203e-01 1.07929498e-01 8.21527004e-02
   5.98216221e-02 1.11077780e-01 1.03399517e-01 1.07897354e-01
   6.48807919e-02 1.03695301e-01 1.02089691e-01 8.53852365e-02
   1.35976459e-01 9.26006473e-02 7.08813214e-02 6.27913113e-02
   6.86710836e-02 6.68671548e-02 1.28768211e-01 7.34148697e-02
   1.02273542e-01 6.67265830e-02 6.22992891e-02 7.37443671e-02
   1.14595157e-01 1.30570863e-01 1.07691951e-01 8.00708783e-02
   7.95114935e-02 9.84814536e-02 6.93990190e-02 6.85642346e-02
   4.89870966e-02 7.85214011e-02 8.49036905e-02 9.05053327e-02
   9.63603222e-02 6.02154389e-02 8.09864215e-02 1.46268304e-01
   1.01563828e-01 9.77102579e-02 1.02428555e-01 1.16599697e-01
   1.04158781e-01 6.66037558e-02 8.99980730e-02 8.35792912e-02
   1.09555741e-01 8.00901870e-02 9.62414465e-02 5.80820030e-02
   6.52745517e-02 1.30210167e-01 7.77560485e-02 1.11220131e-01
   1.07761412e-01 8.14993346e-02]]]
